000001
000004
000007
000011
000012
000013
000014
000016
000017
000018
000025
000028
000036
000047
000058
000080
000091
000099
000100
000102
000103
000104
000105
000107
000108
000109
000110
000112
000113
000114
000115
000117
000118
000119
000120
000122
000123
000124
000125
000127
000128
000129
000130
000132
000133
000134
000135
000137
000138
000139
000140
000142
000143
000144
000145
000147
000148
000149
000150
000152
000153
000154
000155
000157
000158
000159
000160
000162
000163
000164
000165
000167
000168
000169
000170
000172
000173
000174
000175
000177
000178
000179
000180
000182
000183
000184
000185
000187
000188
000189
000190
000192
000193
000194
000195
000197
000198
000199
000200
000202
000203
000204
000205
000207
000208
000209
000210
000212
000213
000214
000215
000217
000218
000219
000220
000222
000223
000224
000225
000227
000232
000233
000234
000236
000237
000238
000239
000241
000242
000243
000244
000246
000247
000248
000249
000251
000252
000253
000254
000256
000257
000258
000259
000261
000262
000263
000264
000266
000267
000268
000269
000271
000272
000273
000274
000276
000277
000278
000279
000281
000282
000283
000284
000286
000287
000288
000289
000291
000294
000295
000296
000298
000299
000300
000301
000303
000304
000305
000306
000308
000309
000310
000311
000313
000314
000315
000316
000318
000319
000320
000321
000323
000324
000325
000326
000328
000329
000330
000331
000333
000334
000335
000336
000338
000339
000340
000341
000343
000344
000345
000346
000348
000349
000350
000351
000353
000354
000355
000356
000358
000359
000360
000361
000363
000364
000365
000366
000368
000369
000370
000371
000373
000374
000375
000376
000378
000379
000380
000381
000383
000384
000385
000386
000388
000389
000390
000391
000393
000394
000395
000396
000398
000399
000400
000401
000403
000404
000405
000406
000408
000409
000410
000411
000413
000414
000415
000416
000418
000419
000420
000421
000423
000424
000425
000426
000428
000429
000430
000431
000433
000434
000435
000436
000438
000439
000440
000441
000443
000444
000445
000446
000448
000449
000450
000451
000453
000454
000455
000456
000458
000459
000460
000461
000463
000464
000465
000466
000468
000469
000470
000471
000473
000474
000475
000476
000478
000479
000480
000481
000483
000484
000485
000486
000488
000489
000490
000491
000494
000495
000496
000497
000499
000500
000501
000502
000504
000505
000506
000507
000509
000510
000511
000512
000514
000515
000516
000517
000519
000520
000521
000522
000524
000525
000526
000527
000529
000530
000531
000532
000534
000535
000536
000537
000539
000540
000541
000542
000544
000545
000546
000547
000549
000550
000551
000552
000554
000555
000557
000558
000560
000561
000562
000563
000565
000566
000567
000568
000570
000571
000572
000573
000575
000576
000577
000578
000580
000581
000582
000583
000585
000586
000587
000588
000592
000593
000594
000595
000597
000598
000600
000601
000603
000604
000605
000606
000608
000609
000610
000611
000613
000614
000615
000616
000618
000619
000620
000621
000623
000624
000625
000626
000628
000629
000630
000631
000633
000634
000635
000636
000638
000639
000640
000641
000643
000644
000645
000646
000648
000649
000650
000651
000653
000654
000655
000656
000658
000659
000660
000661
000663
000664
000665
000666
000668
000669
000670
000671
000673
000674
000675
000676
000678
000679
000680
000681
000683
000684
000685
000686
000688
000689
000690
000691
000693
000694
000695
000696
000698
000699
000700
000701
000871
000898
000899
000900
000902
000903
000904
000905
000907
000908
000909
000910
000912
000913
000914
000915
000917
000918
000919
000920
000922
000923
000924
000925
000927
000928
000929
000930
000932
000933
000934
000935
000938
000939
000940
000941
000943
000944
000945
000946
000948
000949
000950
000951
000953
000954
000955
000956
000958
000959
000960
000961
000963
000964
000965
000966
000968
000969
000970
000971
000973
000974
000975
000976
000978
000979
000980
000981
000983
000984
000985
000986
000988
000989
000990
000991
000993
000994
000995
000996
000998
000999
001000
001001
001003
001004
001005
001006
001008
001009
001010
001011
001013
001014
001015
001016
001018
001019
001020
001021
001023
001024
001025
001026
001028
001029
001030
001031
001033
001034
001035
001036
001038
001039
001040
001041
001043
001044
001045
001046
001048
001049
001050
001051
001053
001054
001055
001056
001058
001059
001060
001061
001063
001064
001065
001066
001068
001069
001070
001071
001073
001074
001075
001076
001078
001079
001080
001081
001083
001084
001085
001086
001090
001091
001092
001093
001095
001096
001097
001098
001100
001101
001102
001103
001105
001106
001107
001108
001110
001111
001112
001113
001115
001116
001117
001118
001120
001121
001122
001123
001125
001126
001127
001128
001130
001131
001132
001133
001135
001136
001137
001138
001140
001141
001142
001143
001145
001146
001147
001148
001150
001151
001152
001153
001155
001156
001157
001158
001160
001161
001162
001163
001165
001166
001167
001168
001170
001171
001172
001173
001175
001176
001177
001178
001180
001181
001182
001183
001185
001186
001187
001188
001190
001191
001192
001193
001195
001196
001197
001198
001200
